484021007
484021066
484002003
484021098
484020304
484011004
484029016
484007070
484005020
484020244
484008061
484020087
484031018
484031011
484020104
484026027
484020314
484024009
484011043
484028010
484020098
484020176
484031059
484021021
484012045
484013040
484031055
484008032
484019011
484020006
484007085
484029019
484019005
484015035
484020340
484018004
484012009
484021063
484008037
484030162
484005028
484020345
484021171
484021183
484010025
484021055
484020177
484013044
484011019
484005012
484032008
484021097
484031039
484028038
484011039
484020181
484020336
484030103
484020399
484002002
484008016
484020556
484021084
484027008
484020225
484015063
484020459
484020135
484020190
484021088
484007019
484024050
484020180
484030001
484031065
484020531
484020219
484020493
484007014
484015074
484030102
484029029
484018016
484007047
484020524
484016045
484005017
484026025
484021015
484019017
484030121
484016053
484030086
484013021
484020543
484030154
484022007
484014004
484020058
484018008
484016059
484013017
484016033
484031016
484021180
484017026
484015028
484008042
484015041
484020054
484004004
484015103
484020425
484018018
484031075
484014034
484020044
484020085
484030069
484020214
484020296
484021174
484030165
484021012
484032044
484012008
484030188
484020391
484016102
484020258
484024027
484021127
484020331
484026008
484012031
484020170
484017013
484027003
484020247
484019037
484005038
484014084
484020344
484020395
484012044
484028034
484020370
484022011
484021156
484026067
484020053
484021108
484020256
484013054
484020229
484030082
484020226
484020498
484005003
484015006
484007037
484020446
484012028
484021081
484020281
484012023
484028005
484030042
484008010
484017017
484028039
484013015
484030005
484008002
484021052
484020072
484030155
484031087
484021073
484014012
484020438
484008044
484016068
484019038
484032001
484013025
484020343
484020075
484024035
484016011
484021010
484031047
484008033
484026030
484019042
484005035
484020315
484020318
484020502
484016003
484015045
484030182
484021103
484007073
484030141
484020008
484016021
484015023
484021144
484007054
484020039
484020086
484031051
484021173
484014058
484026041
484007063
484021186
484016028
484024045
484030034
484013057
484007042
484020499
484013033
484019049
484031012
484005010
484017005
484020020
484021167
484015066
484031084
484015110
484016031
484024014
484014042
484012063
484030097
484011006
484021185
484029017
484026005
484032041
484020562
484014005
484031083
484024028
484014051
484020289
484031050
484020308
484030041
484013072
484020010
484007041
484017025
484030061
484013045
484020409
484021118
484020323
484030083
484016015
484021120
484017004
484020545
484020462
484012059
484020156
484016100
484031042
484008060
484029031
484020341
484030149
484032032
484024007
484014096
484024002
484015089
484031077
484031053
484019014
484020364
484027015
484020083
484020365
484020467
484029001
484016094
484013068
484022009
484020028
484029014
484016009
484010009
484007032
484032028
484019003
484008038
484029010
484030080
484008025
484010030
484021116
484028023
484021215
484015075
484007001
484020352
484029041
484025011
484025004
484018014
484021054
484014119
484015011
484012052
484020047
484015040
484012038
484011020
484030108
484020382
484020082
484020277
484016097
484014078
484020188
484030168
484016036
484014037
484018002
484020215
484010002
484001004
484020193
484026058
484021160
484020089
484025010
484006007
484020324
484007030
484030073
484020373
484020495
484028024
484032018
484031023
484026033
484007008
484016044
484030031
484001001
484020294
484022014
484021047
484017002
484019021
484031008
484007095
484021155
484032015
484021119
484027004
484032048
484013056
484005022
484020429
484019027
484015106
484021025
484030135
484020137
484028004
484020261
484021105
484019001
484020306
484031103
484013036
484007006
484030139
484010014
484031026
484026065
484022016
484014049
484032050
484014017
484020183
484016072
484026018
484021165
484031098
484020342
484010007
484014025
484016005
484030152
484011010
484002004
484020092
484020445
484020178
484032049
484014070
484025012
484007072
484020405
484032007
484024011
484016014
484018001
484026035
484020327
484012034
484020478
484007066
484001006
484031010
484008026
484020540
484025007
484021027
484031072
484020154
484020432
484011033
484024001
484011045
484020284
484008052
484029023
484015030
484026013
484015020
484031013
484020414
484025001
484031015
484020287
484016083
484032051
484020517
484013053
484024015
484020481
484030174
484020091
484014104
484031081
484014095
484020530
484008009
484026038
484008063
484020496
484015043
484021213
484021049
484021062
484019044
484020074
484008019
484008057
484007068
484021106
484007059
484020311
484021189
484031089
484021135
484019013
484011031
484030025
484031064
484020376
484020302
484020122
484030052
484020369
484031046
484016071
484015039
484020506
484020484
484020490
484016040
484019029
484007039
484007097
484021187
484017009
484020204
484030125
484032033
484030194
484012016
484016093
484007108
484017021
484019019
484020564
484020501
484018015
484020202
484020230
484028037
484024026
484005018
484014053
484020197
484015024
484015046
484028006
484021004
484007094
484020129
484013059
484030079
484010022
484008020
484020124
484030175
484012024
484030118
484005015
484030087
484021038
484020097
484020410
484007018
484021136
484020050
484031090
484016066
484020394
484024031
484012064
484020326
484021146
484007101
484013046
484020026
484026029
484007013
484020561
484020175
484015094
484007105
484020387
484006002
484032038
484020285
484029009
484015093
484021114
484021072
484020203
484011044
484008065
484010026
484020358
484026012
484030070
484032043
484015105
484007058
484020402
484020514
484020022
484020126
484024047
484015057
484020303
484012058
484026049
484013022
484026059
484005005
484020260
484011028
484014016
484014080
484021161
484031004
484030094
484007074
484020466
484020441
484020227
484015032
484014026
484012061
484010004
484021203
484030067
484007061
484013007
484021170
484007004
484019051
484024037
484015044
484028003
484020134
484024020
484030017
484020040
484015062
484021008
484024017
484028035
484006003
484014072
484014060
484020267
484030099
484015053
484021177
484020145
484021123
484020078
484013004
484031044
484016108
484021204
484021176
484020435
484020084
484021094
484025008
484024044
484020168
484030077
484020361
484020118
484029004
484016029
484014109
484026034
484024041
484016055
484015080
484012069
484020254
484021115
484031014
484020049
484020278
484012030
484026044
484015036
484030072
484029013
484008017
484030015
484020560
484007099
484016081
484032012
484020406
484015071
484031096
484021101
484015049
484015052
484008021
484008007
484018009
484030145
484029025
484031074
484008040
484020185
484015054
484030091
484012047
484005011
484015072
484007081
484032029
484020563
484013082
484030010
484021208
484020240
484031071
484014081
484011012
484014061
484012013
484012022
484020172
484020539
484013024
484026024
484031025
484020004
484008012
484020312
484008041
484020313
484020396
484011007
484031028
484021006
484020027
484013055
484011023
484020237
484007024
484020347
484020371
484014106
484021110
484020121
484007049
484012066
484008024
484021042
484026026
484020379
484030190
484030115
484031105
484005032
484020018
484021057
484026061
484007029
484008036
484005037
484020465
484009002
484013052
484020109
484016070
484020397
484024054
484020448
484019004
484015008
484020411
484020418
484021163
484021067
484010011
484003001
484008027
484008064
484012002
484015004
484024025
484030059
484014124
484030045
484008005
484029018
484021198
484024003
484020119
484027001
484020073
484014001
484017008
484021046
484015015
484030119
484026040
484030120
484008058
484020542
484020163
484012071
484007110
484020120
484026021
484024053
484001003
484020106
484020209
484020248
484013019
484010005
484021080
484010035
484030053
484030019
484020041
484006004
484027009
484016041
484020221
484016008
484031093
484020415
484014033
484028013
484017012
484024043
484004003
484015086
484013079
484020463
484020515
484021126
484016058
484015083
484021190
484020439
484007064
484020264
484030166
484029032
484016023
484015111
484020500
484020142
484030076
484020114
484020299
484008001
484020110
484030127
484020527
484020485
484020338
484031091
484007078
484014100
484013042
484019046
484014086
484011037
484021121
484020077
484020194
484020216
484020271
484016027
484011026
484031022
484032047
484010027
484015048
484020045
484024023
484012055
484020503
484031006
484016064
484007071
484011038
484020422
484032025
484021147
484030049
484029043
484020268
484032009
484020511
484020449
484020291
484030084
484016073
484020166
484021210
484021184
484030189
484030028
484020207
484016007
484007079
484020070
484030147
484026052
484020063
484021060
484012041
484013030
484032022
484007096
484027014
484008039
484020009
484019024
484020235
484020316
484030144
484012050
484026022
484030134
484015078
484020161
484026043
484005033
484021217
484019036
484014065
484024033
484032013
484012070
484014039
484026051
484020454
484020057
484020174
484029006
484021095
484021014
484031038
484030056
484021040
484020080
484013080
484015113
484031088
484015095
484030033
484031007
484030116
484007102
484014079
484016013
484020444
484006009
484001007
484026006
484013028
484020155
484013063
484030105
484020191
484020184
484011002
484032027
484030088
484020128
484020346
484007100
484007033
484024010
484020518
484020133
484030090
484013076
484026064
484015018
484011022
484007002
484030095
484008004
484020355
484030107
484014059
484021011
484031061
484020354
484020401
484030178
484010033
484011016
484015055
484010020
484030157
484019009
484014022
484028040
484020116
484020488
484017014
484026016
484020042
484030185
484020541
484014032
484020479
484012032
484031032
484020066
484016025
484008048
484030195
484020549
484020390
484020288
484014105
484020293
484004005
484011040
484010018
484030177
484004002
484031019
484015014
484020363
484028030
484015098
484030040
484029012
484024021
484016052
484030148
484007028
484020076
484016034
484020019
484031003
484020555
484010016
484019007
484021166
484017031
484020208
484024049
484024005
484020283
484021079
484013062
484020378
484022015
484011017
484014029
484010034
484029021
484021070
484029011
484026046
484032011
484031024
484020179
484011036
484014090
484030043
484005021
484029039
484008028
484030022
484026048
484012049
484016101
484021111
484024039
484006001
484020476
484016096
484010015
484021065
484012017
484030183
484020252
484030124
484015025
484021096
484020525
484008054
484015056
484011009
484020013
484016012
484032002
484008008
484014121
484010013
484016063
484020274
484031058
484032024
484014116
484012020
484021157
484031097
484020088
484020059
484031076
484026020
484021031
484013002
484024030
484010032
484020421
484032039
484030038
484021085
484030106
484016067
484028019
484020300
484026056
484022010
484007007
484016088
484020279
484028016
484013064
484008043
484015017
484008003
484032003
484030104
484026014
484008022
484020416
484020375
484016106
484014112
484031033
484020431
484008049
484031001
484028021
484031067
484014113
484012035
484008059
484005009
484021013
484030039
484030068
484031063
484015082
484020029
484020149
484020537
484016061
484020417
484010019
484015079
484020130
484007062
484020233
484020509
484020452
484028029
484013048
484020016
484021169
484011046
484015021
484010038
484019020
484007087
484013011
484031057
484016039
484020366
484010008
484021159
484012051
484021145
484032014
484021152
484024051
484014044
484020419
484020471
484025005
484030184
484020516
484015064
484020217
484009006
484020147
484020242
484021077
484031056
484016030
484015033
484021141
484020383
484025002
484020322
484020420
484020060
484021001
484024013
484020167
484011008
484031102
484030146
484012018
484020492
484030054
484030057
484020329
484031002
484021134
484030078
484010036
484020348
484020353
484020021
484021151
484030181
484030016
484010003
484007089
484030112
484014047
484007065
484021102
484019032
484020253
484016086
484025009
484029015
484013039
484028014
484016006
484020528
484021026
484020067
484027013
484013029
484020241
484020553
484020273
484020534
484020265
484030191
484015050
484020112
484021075
484028017
484031035
484021023
484028008
484005023
484018011
484011013
484014045
484031106
484020007
484020388
484010010
484015077
484013001
484020357
484012057
484014023
484018019
484020464
484020275
484021149
484019030
484011027
484027012
484015034
484020477
484026050
484014054
484019031
484030133
484031101
484021205
484026001
484005025
484014062
484007075
484030046
484015101
484022005
484020245
484024046
484014021
484026054
484021162
484015047
484020424
484021112
484026066
484014118
484015109
484021104
484021035
484025006
484007023
484032006
484024022
484030003
484028028
484031052
484017015
484021091
484030092
484020350
484007060
484025003
484019050
484031009
484028020
484020036
484016092
484026068
484020460
484014110
484012027
484014055
484020224
484014027
484015010
484020103
484020280
484030013
484016076
484010023
484021045
484020457
484020451
484005001
484008055
484020473
484021029
484024006
484015107
484020232
484020034
484021089
484030014
484007040
484021139
484005031
484020064
484016062
484020297
484016002
484030023
484013006
484030128
484020372
484014097
484029037
484021082
484016022
484015090
484020210
484016078
484029027
484013013
484032026
484011003
484016046
484012014
484020437
484030151
484031080
484020186
484014031
484024016
484030113
484032042
484007057
484020475
484031095
484020182
484014041
484021140
484020368
484016050
484022013
484007012
484007020
484012019
484021051
484020443
484013043
484007045
484011041
484012003
484021132
484018012
484005014
484007050
484030150
484017024
484012073
484020504
484018007
484014008
484020222
484015005
484007088
484026045
484020038
484020056
484008045
484021009
484013012
484019034
484031030
484020440
484020272
484032031
484007056
484027007
484005006
484013060
484029007
484013066
484012067
484032053
484021078
484030153
484020148
484020330
484020295
484007080
484012007
484020298
484020071
484014011
484008014
484027006
484004006
484030123
484019035
484011034
484029036
484014018
484017030
484020276
484005008
484021122
484012074
484020043
484030136
484030129
484021109
484020052
484021131
484020398
484001005
484013073
484020367
484028022
484030193
484021117
484019008
484020158
484022002
484021154
484020205
484020359
484020535
484012001
484012072
484020404
484016047
484020529
484020151
484030051
484020456
484021028
484020146
484030160
484020212
484020423
484020384
484024042
484014087
484032045
484029040
484005007
484020470
484020469
484029033
484015104
484014046
484008053
484008029
484013075
484005026
484020199
484014009
484020269
484020310
484007015
484020249
484021037
484020349
484007109
484018013
484013065
484021076
484017019
484021172
484030130
484015084
484016010
484007003
484021002
484020566
484005019
484020389
484020162
484020117
484032017
484020559
484030004
484015068
484024029
484020554
484029026
484030009
484014115
484030110
484023001
484011005
484030012
484007010
484008034
484020061
484014066
484021199
484020360
484015002
484021041
484021016
484021059
484018005
484009005
484021050
484020491
484031048
484014069
484010037
484001002
484020403
484015067
484018010
484015037
484016018
484019012
484020533
484031079
484020198
484031078
484020505
484010024
484016104
484025016
484013005
484029024
484020095
484031094
484020522
484016016
484014002
484017023
484013067
484028025
484020520
484013071
484030142
484031086
484007082
484020159
484013023
484026032
484026039
484031062
484020565
484030071
484020234
484032010
484020328
484030111
484017010
484020171
484030002
484020550
484016099
484007103
484028027
484014048
484019025
484028015
484032016
484021024
484016056
484021196
484012021
484015091
484007084
484021092
484020236
484020157
484020408
484020211
484015009
484008018
484020239
484030062
484021113
484032030
484013027
484020033
484020332
484021133
484020557
484020144
484030192
484007022
484014108
484008031
484031104
484014006
484012036
484022012
484020309
484008050
484014094
484014028
484013034
484011024
484021148
484029008
484021086
484020069
484030089
484024048
484012042
484020486
484032023
484020430
484014043
484020487
484031040
484014120
484016026
484016107
484020290
484026015
484019006
484024034
484005027
484020251
484007077
484022004
484021212
484014052
484010021
484016098
484021175
484032046
484013014
484020143
484013041
484020223
484020526
484013058
484002001
484007086
484030126
484020164
484011030
484028002
484013081
484030008
484020206
484020461
484017016
484020169
484008062
484020079
484020090
484026003
484021048
484030037
484022006
484014089
484028011
484020228
484012046
484027005
484011032
484018003
484021201
484032035
484014013
484020521
484028026
484012004
484015087
484030007
484007069
484026042
484024004
484020385
484020433
484014107
484014111
484030173
484014101
484014067
484020138
484012060
484012062
484024018
484016090
484012033
484015088
484030058
484021202
484030161
484012015
484007043
484010012
484019026
484008015
484019047
484020519
484020094
484015026
484020407
484031029
484015013
484029034
484016001
484013010
484013018
484029022
484015102
484016035
484016024
484020220
484021125
484015038
484015099
484030030
484020393
484020262
484030109
484013061
484014083
484021036
484020001
484021158
484008047
484028041
484007051
484021019
484011014
484026017
484020165
484021099
484020015
484029028
484008023
484026053
484030018
484020305
484019002
484020538
484011042
484013003
484008056
484030171
484021209
484021093
484030132
484020150
484020380
484020132
484015069
484024032
484018017
484020257
484030101
484021056
484020127
484007027
484025015
484030006
484019018
484015096
484027002
484015061
484007067
484020319
484017006
484014019
484014024
484031041
484014056
484016004
484031054
484010017
484016075
484007091
484021005
484020017
484020035
484020307
484020453
484021195
484021188
484020192
484026009
484029002
484012011
484020102
484007009
484005034
484013009
484015085
484010001
484030176
484026055
484014085
484031027
484020011
484014020
484013074
484015081
484008030
484020030
484029005
484019010
484014068
484011021
484012056
484021022
484020065
484019022
484021192
484014040
484012006
484014057
484026036
484015076
484031049
484005004
484016060
484014030
484032052
484020436
484021032
484021181
484028007
484015001
484012039
484030098
484019045
484005016
484032020
484024038
484022001
484021130
484008051
484015065
484016074
484030131
484019033
484017001
484009003
484030011
484020238
484020544
484020062
